-------------
| 1 |   | 2 |
-------------
| 3 | 4 | 5 |
-------------
| 6 | 7 | 8 |
-------------

---------- Utilizando BFS -------------
Costo: 1
Profundidad: 1
Trayectoria:
en (1, 0, 2, 3, 4, 5, 6, 7, 8, 1) hace O y va a (0, 1, 2, 3, 4, 5, 6, 7, 8, 0),

Explorando 4 nodos


---------- Utilizando DFS -------------
Costo: 1
Profundidad: 1
Trayectoria:
en (1, 0, 2, 3, 4, 5, 6, 7, 8, 1) hace O y va a (0, 1, 2, 3, 4, 5, 6, 7, 8, 0),

Explorando 2 nodos


---------- Utilizando IDS -------------
Costo: 1
Profundidad: 1
Trayectoria:
en (1, 0, 2, 3, 4, 5, 6, 7, 8, 1) hace O y va a (0, 1, 2, 3, 4, 5, 6, 7, 8, 0),

Explorando 3 nodos


---------- Utilizando UCS -------------
Costo: 1
Profundidad: 1
Trayectoria:
en (1, 0, 2, 3, 4, 5, 6, 7, 8, 1) hace O y va a (0, 1, 2, 3, 4, 5, 6, 7, 8, 0),

Explorando 4 nodos


---------- Utilizando A* con h1 -------------
Costo: 1
Profundidad: 1
Trayectoria:
en (1, 0, 2, 3, 4, 5, 6, 7, 8, 1) hace O y va a (0, 1, 2, 3, 4, 5, 6, 7, 8, 0),

Explorando 2 nodos
---------- Utilizando A* con h2 -------------
Costo: 1
Profundidad: 1
Trayectoria:
en (1, 0, 2, 3, 4, 5, 6, 7, 8, 1) hace O y va a (0, 1, 2, 3, 4, 5, 6, 7, 8, 0),

Explorando 2 nodos



y con otro problema de 8 puzzle
-------------
| 5 | 1 | 3 |
-------------
| 4 |   | 2 |
-------------
| 6 | 7 | 8 |
-------------

---------- Utilizando BFS -------------
Costo: 14
Profundidad: 14
Trayectoria:
en (5, 1, 3, 4, 0, 2, 6, 7, 8, 4) hace N y va a (5, 0, 3, 4, 1, 2, 6, 7, 8, 1),
en (5, 0, 3, 4, 1, 2, 6, 7, 8, 1) hace O y va a (0, 5, 3, 4, 1, 2, 6, 7, 8, 0),
en (0, 5, 3, 4, 1, 2, 6, 7, 8, 0) hace S y va a (4, 5, 3, 0, 1, 2, 6, 7, 8, 3),
en (4, 5, 3, 0, 1, 2, 6, 7, 8, 3) hace E y va a (4, 5, 3, 1, 0, 2, 6, 7, 8, 4),
en (4, 5, 3, 1, 0, 2, 6, 7, 8, 4) hace N y va a (4, 0, 3, 1, 5, 2, 6, 7, 8, 1),
en (4, 0, 3, 1, 5, 2, 6, 7, 8, 1) hace E y va a (4, 3, 0, 1, 5, 2, 6, 7, 8, 2),
en (4, 3, 0, 1, 5, 2, 6, 7, 8, 2) hace S y va a (4, 3, 2, 1, 5, 0, 6, 7, 8, 5),
en (4, 3, 2, 1, 5, 0, 6, 7, 8, 5) hace O y va a (4, 3, 2, 1, 0, 5, 6, 7, 8, 4),
en (4, 3, 2, 1, 0, 5, 6, 7, 8, 4) hace N y va a (4, 0, 2, 1, 3, 5, 6, 7, 8, 1),
en (4, 0, 2, 1, 3, 5, 6, 7, 8, 1) hace O y va a (0, 4, 2, 1, 3, 5, 6, 7, 8, 0),
en (0, 4, 2, 1, 3, 5, 6, 7, 8, 0) hace S y va a (1, 4, 2, 0, 3, 5, 6, 7, 8, 3),
en (1, 4, 2, 0, 3, 5, 6, 7, 8, 3) hace E y va a (1, 4, 2, 3, 0, 5, 6, 7, 8, 4),
en (1, 4, 2, 3, 0, 5, 6, 7, 8, 4) hace N y va a (1, 0, 2, 3, 4, 5, 6, 7, 8, 1),
en (1, 0, 2, 3, 4, 5, 6, 7, 8, 1) hace O y va a (0, 1, 2, 3, 4, 5, 6, 7, 8, 0),

Explorando 4158 nodos


---------- Utilizando DFS -------------
Costo: 50
Profundidad: 50
Trayectoria:
en (5, 1, 3, 4, 0, 2, 6, 7, 8, 4) hace O y va a (5, 1, 3, 0, 4, 2, 6, 7, 8, 3),
en (5, 1, 3, 0, 4, 2, 6, 7, 8, 3) hace S y va a (5, 1, 3, 6, 4, 2, 0, 7, 8, 6),
en (5, 1, 3, 6, 4, 2, 0, 7, 8, 6) hace E y va a (5, 1, 3, 6, 4, 2, 7, 0, 8, 7),
en (5, 1, 3, 6, 4, 2, 7, 0, 8, 7) hace E y va a (5, 1, 3, 6, 4, 2, 7, 8, 0, 8),
en (5, 1, 3, 6, 4, 2, 7, 8, 0, 8) hace N y va a (5, 1, 3, 6, 4, 0, 7, 8, 2, 5),
en (5, 1, 3, 6, 4, 0, 7, 8, 2, 5) hace O y va a (5, 1, 3, 6, 0, 4, 7, 8, 2, 4),
en (5, 1, 3, 6, 0, 4, 7, 8, 2, 4) hace O y va a (5, 1, 3, 0, 6, 4, 7, 8, 2, 3),
en (5, 1, 3, 0, 6, 4, 7, 8, 2, 3) hace S y va a (5, 1, 3, 7, 6, 4, 0, 8, 2, 6),
en (5, 1, 3, 7, 6, 4, 0, 8, 2, 6) hace E y va a (5, 1, 3, 7, 6, 4, 8, 0, 2, 7),
en (5, 1, 3, 7, 6, 4, 8, 0, 2, 7) hace E y va a (5, 1, 3, 7, 6, 4, 8, 2, 0, 8),
en (5, 1, 3, 7, 6, 4, 8, 2, 0, 8) hace N y va a (5, 1, 3, 7, 6, 0, 8, 2, 4, 5),
en (5, 1, 3, 7, 6, 0, 8, 2, 4, 5) hace O y va a (5, 1, 3, 7, 0, 6, 8, 2, 4, 4),
en (5, 1, 3, 7, 0, 6, 8, 2, 4, 4) hace O y va a (5, 1, 3, 0, 7, 6, 8, 2, 4, 3),
en (5, 1, 3, 0, 7, 6, 8, 2, 4, 3) hace S y va a (5, 1, 3, 8, 7, 6, 0, 2, 4, 6),
en (5, 1, 3, 8, 7, 6, 0, 2, 4, 6) hace E y va a (5, 1, 3, 8, 7, 6, 2, 0, 4, 7),
en (5, 1, 3, 8, 7, 6, 2, 0, 4, 7) hace E y va a (5, 1, 3, 8, 7, 6, 2, 4, 0, 8),
en (5, 1, 3, 8, 7, 6, 2, 4, 0, 8) hace N y va a (5, 1, 3, 8, 7, 0, 2, 4, 6, 5),
en (5, 1, 3, 8, 7, 0, 2, 4, 6, 5) hace O y va a (5, 1, 3, 8, 0, 7, 2, 4, 6, 4),
en (5, 1, 3, 8, 0, 7, 2, 4, 6, 4) hace O y va a (5, 1, 3, 0, 8, 7, 2, 4, 6, 3),
en (5, 1, 3, 0, 8, 7, 2, 4, 6, 3) hace S y va a (5, 1, 3, 2, 8, 7, 0, 4, 6, 6),
en (5, 1, 3, 2, 8, 7, 0, 4, 6, 6) hace E y va a (5, 1, 3, 2, 8, 7, 4, 0, 6, 7),
en (5, 1, 3, 2, 8, 7, 4, 0, 6, 7) hace E y va a (5, 1, 3, 2, 8, 7, 4, 6, 0, 8),
en (5, 1, 3, 2, 8, 7, 4, 6, 0, 8) hace N y va a (5, 1, 3, 2, 8, 0, 4, 6, 7, 5),
en (5, 1, 3, 2, 8, 0, 4, 6, 7, 5) hace O y va a (5, 1, 3, 2, 0, 8, 4, 6, 7, 4),
en (5, 1, 3, 2, 0, 8, 4, 6, 7, 4) hace O y va a (5, 1, 3, 0, 2, 8, 4, 6, 7, 3),
en (5, 1, 3, 0, 2, 8, 4, 6, 7, 3) hace S y va a (5, 1, 3, 4, 2, 8, 0, 6, 7, 6),
en (5, 1, 3, 4, 2, 8, 0, 6, 7, 6) hace E y va a (5, 1, 3, 4, 2, 8, 6, 0, 7, 7),
en (5, 1, 3, 4, 2, 8, 6, 0, 7, 7) hace N y va a (5, 1, 3, 4, 0, 8, 6, 2, 7, 4),
en (5, 1, 3, 4, 0, 8, 6, 2, 7, 4) hace O y va a (5, 1, 3, 0, 4, 8, 6, 2, 7, 3),
en (5, 1, 3, 0, 4, 8, 6, 2, 7, 3) hace N y va a (0, 1, 3, 5, 4, 8, 6, 2, 7, 0),
en (0, 1, 3, 5, 4, 8, 6, 2, 7, 0) hace E y va a (1, 0, 3, 5, 4, 8, 6, 2, 7, 1),
en (1, 0, 3, 5, 4, 8, 6, 2, 7, 1) hace S y va a (1, 4, 3, 5, 0, 8, 6, 2, 7, 4),
en (1, 4, 3, 5, 0, 8, 6, 2, 7, 4) hace O y va a (1, 4, 3, 0, 5, 8, 6, 2, 7, 3),
en (1, 4, 3, 0, 5, 8, 6, 2, 7, 3) hace N y va a (0, 4, 3, 1, 5, 8, 6, 2, 7, 0),
en (0, 4, 3, 1, 5, 8, 6, 2, 7, 0) hace E y va a (4, 0, 3, 1, 5, 8, 6, 2, 7, 1),
en (4, 0, 3, 1, 5, 8, 6, 2, 7, 1) hace S y va a (4, 5, 3, 1, 0, 8, 6, 2, 7, 4),
en (4, 5, 3, 1, 0, 8, 6, 2, 7, 4) hace S y va a (4, 5, 3, 1, 2, 8, 6, 0, 7, 7),
en (4, 5, 3, 1, 2, 8, 6, 0, 7, 7) hace E y va a (4, 5, 3, 1, 2, 8, 6, 7, 0, 8),
en (4, 5, 3, 1, 2, 8, 6, 7, 0, 8) hace N y va a (4, 5, 3, 1, 2, 0, 6, 7, 8, 5),
en (4, 5, 3, 1, 2, 0, 6, 7, 8, 5) hace O y va a (4, 5, 3, 1, 0, 2, 6, 7, 8, 4),
en (4, 5, 3, 1, 0, 2, 6, 7, 8, 4) hace N y va a (4, 0, 3, 1, 5, 2, 6, 7, 8, 1),
en (4, 0, 3, 1, 5, 2, 6, 7, 8, 1) hace E y va a (4, 3, 0, 1, 5, 2, 6, 7, 8, 2),
en (4, 3, 0, 1, 5, 2, 6, 7, 8, 2) hace S y va a (4, 3, 2, 1, 5, 0, 6, 7, 8, 5),
en (4, 3, 2, 1, 5, 0, 6, 7, 8, 5) hace O y va a (4, 3, 2, 1, 0, 5, 6, 7, 8, 4),
en (4, 3, 2, 1, 0, 5, 6, 7, 8, 4) hace O y va a (4, 3, 2, 0, 1, 5, 6, 7, 8, 3),
en (4, 3, 2, 0, 1, 5, 6, 7, 8, 3) hace N y va a (0, 3, 2, 4, 1, 5, 6, 7, 8, 0),
en (0, 3, 2, 4, 1, 5, 6, 7, 8, 0) hace E y va a (3, 0, 2, 4, 1, 5, 6, 7, 8, 1),
en (3, 0, 2, 4, 1, 5, 6, 7, 8, 1) hace S y va a (3, 1, 2, 4, 0, 5, 6, 7, 8, 4),
en (3, 1, 2, 4, 0, 5, 6, 7, 8, 4) hace O y va a (3, 1, 2, 0, 4, 5, 6, 7, 8, 3),
en (3, 1, 2, 0, 4, 5, 6, 7, 8, 3) hace N y va a (0, 1, 2, 3, 4, 5, 6, 7, 8, 0),

Explorando 64951 nodos


---------- Utilizando IDS -------------
Costo: 14
Profundidad: 14
Trayectoria:
en (5, 1, 3, 4, 0, 2, 6, 7, 8, 4) hace N y va a (5, 0, 3, 4, 1, 2, 6, 7, 8, 1),
en (5, 0, 3, 4, 1, 2, 6, 7, 8, 1) hace O y va a (0, 5, 3, 4, 1, 2, 6, 7, 8, 0),
en (0, 5, 3, 4, 1, 2, 6, 7, 8, 0) hace S y va a (4, 5, 3, 0, 1, 2, 6, 7, 8, 3),
en (4, 5, 3, 0, 1, 2, 6, 7, 8, 3) hace E y va a (4, 5, 3, 1, 0, 2, 6, 7, 8, 4),
en (4, 5, 3, 1, 0, 2, 6, 7, 8, 4) hace N y va a (4, 0, 3, 1, 5, 2, 6, 7, 8, 1),
en (4, 0, 3, 1, 5, 2, 6, 7, 8, 1) hace E y va a (4, 3, 0, 1, 5, 2, 6, 7, 8, 2),
en (4, 3, 0, 1, 5, 2, 6, 7, 8, 2) hace S y va a (4, 3, 2, 1, 5, 0, 6, 7, 8, 5),
en (4, 3, 2, 1, 5, 0, 6, 7, 8, 5) hace O y va a (4, 3, 2, 1, 0, 5, 6, 7, 8, 4),
en (4, 3, 2, 1, 0, 5, 6, 7, 8, 4) hace O y va a (4, 3, 2, 0, 1, 5, 6, 7, 8, 3),
en (4, 3, 2, 0, 1, 5, 6, 7, 8, 3) hace N y va a (0, 3, 2, 4, 1, 5, 6, 7, 8, 0),
en (0, 3, 2, 4, 1, 5, 6, 7, 8, 0) hace E y va a (3, 0, 2, 4, 1, 5, 6, 7, 8, 1),
en (3, 0, 2, 4, 1, 5, 6, 7, 8, 1) hace S y va a (3, 1, 2, 4, 0, 5, 6, 7, 8, 4),
en (3, 1, 2, 4, 0, 5, 6, 7, 8, 4) hace O y va a (3, 1, 2, 0, 4, 5, 6, 7, 8, 3),
en (3, 1, 2, 0, 4, 5, 6, 7, 8, 3) hace N y va a (0, 1, 2, 3, 4, 5, 6, 7, 8, 0),

Explorando 17026 nodos


---------- Utilizando UCS -------------
Costo: 14
Profundidad: 14
Trayectoria:
en (5, 1, 3, 4, 0, 2, 6, 7, 8, 4) hace N y va a (5, 0, 3, 4, 1, 2, 6, 7, 8, 1),
en (5, 0, 3, 4, 1, 2, 6, 7, 8, 1) hace O y va a (0, 5, 3, 4, 1, 2, 6, 7, 8, 0),
en (0, 5, 3, 4, 1, 2, 6, 7, 8, 0) hace S y va a (4, 5, 3, 0, 1, 2, 6, 7, 8, 3),
en (4, 5, 3, 0, 1, 2, 6, 7, 8, 3) hace E y va a (4, 5, 3, 1, 0, 2, 6, 7, 8, 4),
en (4, 5, 3, 1, 0, 2, 6, 7, 8, 4) hace N y va a (4, 0, 3, 1, 5, 2, 6, 7, 8, 1),
en (4, 0, 3, 1, 5, 2, 6, 7, 8, 1) hace E y va a (4, 3, 0, 1, 5, 2, 6, 7, 8, 2),
en (4, 3, 0, 1, 5, 2, 6, 7, 8, 2) hace S y va a (4, 3, 2, 1, 5, 0, 6, 7, 8, 5),
en (4, 3, 2, 1, 5, 0, 6, 7, 8, 5) hace O y va a (4, 3, 2, 1, 0, 5, 6, 7, 8, 4),
en (4, 3, 2, 1, 0, 5, 6, 7, 8, 4) hace N y va a (4, 0, 2, 1, 3, 5, 6, 7, 8, 1),
en (4, 0, 2, 1, 3, 5, 6, 7, 8, 1) hace O y va a (0, 4, 2, 1, 3, 5, 6, 7, 8, 0),
en (0, 4, 2, 1, 3, 5, 6, 7, 8, 0) hace S y va a (1, 4, 2, 0, 3, 5, 6, 7, 8, 3),
en (1, 4, 2, 0, 3, 5, 6, 7, 8, 3) hace E y va a (1, 4, 2, 3, 0, 5, 6, 7, 8, 4),
en (1, 4, 2, 3, 0, 5, 6, 7, 8, 4) hace N y va a (1, 0, 2, 3, 4, 5, 6, 7, 8, 1),
en (1, 0, 2, 3, 4, 5, 6, 7, 8, 1) hace O y va a (0, 1, 2, 3, 4, 5, 6, 7, 8, 0),

Explorando 5240 nodos


---------- Utilizando A* con h1 -------------
Costo: 14
Profundidad: 14
Trayectoria:
en (5, 1, 3, 4, 0, 2, 6, 7, 8, 4) hace N y va a (5, 0, 3, 4, 1, 2, 6, 7, 8, 1),
en (5, 0, 3, 4, 1, 2, 6, 7, 8, 1) hace O y va a (0, 5, 3, 4, 1, 2, 6, 7, 8, 0),
en (0, 5, 3, 4, 1, 2, 6, 7, 8, 0) hace S y va a (4, 5, 3, 0, 1, 2, 6, 7, 8, 3),
en (4, 5, 3, 0, 1, 2, 6, 7, 8, 3) hace E y va a (4, 5, 3, 1, 0, 2, 6, 7, 8, 4),
en (4, 5, 3, 1, 0, 2, 6, 7, 8, 4) hace N y va a (4, 0, 3, 1, 5, 2, 6, 7, 8, 1),
en (4, 0, 3, 1, 5, 2, 6, 7, 8, 1) hace E y va a (4, 3, 0, 1, 5, 2, 6, 7, 8, 2),
en (4, 3, 0, 1, 5, 2, 6, 7, 8, 2) hace S y va a (4, 3, 2, 1, 5, 0, 6, 7, 8, 5),
en (4, 3, 2, 1, 5, 0, 6, 7, 8, 5) hace O y va a (4, 3, 2, 1, 0, 5, 6, 7, 8, 4),
en (4, 3, 2, 1, 0, 5, 6, 7, 8, 4) hace O y va a (4, 3, 2, 0, 1, 5, 6, 7, 8, 3),
en (4, 3, 2, 0, 1, 5, 6, 7, 8, 3) hace N y va a (0, 3, 2, 4, 1, 5, 6, 7, 8, 0),
en (0, 3, 2, 4, 1, 5, 6, 7, 8, 0) hace E y va a (3, 0, 2, 4, 1, 5, 6, 7, 8, 1),
en (3, 0, 2, 4, 1, 5, 6, 7, 8, 1) hace S y va a (3, 1, 2, 4, 0, 5, 6, 7, 8, 4),
en (3, 1, 2, 4, 0, 5, 6, 7, 8, 4) hace O y va a (3, 1, 2, 0, 4, 5, 6, 7, 8, 3),
en (3, 1, 2, 0, 4, 5, 6, 7, 8, 3) hace N y va a (0, 1, 2, 3, 4, 5, 6, 7, 8, 0),

Explorando 298 nodos
---------- Utilizando A* con h2 -------------
Costo: 14
Profundidad: 14
Trayectoria:
en (5, 1, 3, 4, 0, 2, 6, 7, 8, 4) hace N y va a (5, 0, 3, 4, 1, 2, 6, 7, 8, 1),
en (5, 0, 3, 4, 1, 2, 6, 7, 8, 1) hace O y va a (0, 5, 3, 4, 1, 2, 6, 7, 8, 0),
en (0, 5, 3, 4, 1, 2, 6, 7, 8, 0) hace S y va a (4, 5, 3, 0, 1, 2, 6, 7, 8, 3),
en (4, 5, 3, 0, 1, 2, 6, 7, 8, 3) hace E y va a (4, 5, 3, 1, 0, 2, 6, 7, 8, 4),
en (4, 5, 3, 1, 0, 2, 6, 7, 8, 4) hace N y va a (4, 0, 3, 1, 5, 2, 6, 7, 8, 1),
en (4, 0, 3, 1, 5, 2, 6, 7, 8, 1) hace E y va a (4, 3, 0, 1, 5, 2, 6, 7, 8, 2),
en (4, 3, 0, 1, 5, 2, 6, 7, 8, 2) hace S y va a (4, 3, 2, 1, 5, 0, 6, 7, 8, 5),
en (4, 3, 2, 1, 5, 0, 6, 7, 8, 5) hace O y va a (4, 3, 2, 1, 0, 5, 6, 7, 8, 4),
en (4, 3, 2, 1, 0, 5, 6, 7, 8, 4) hace N y va a (4, 0, 2, 1, 3, 5, 6, 7, 8, 1),
en (4, 0, 2, 1, 3, 5, 6, 7, 8, 1) hace O y va a (0, 4, 2, 1, 3, 5, 6, 7, 8, 0),
en (0, 4, 2, 1, 3, 5, 6, 7, 8, 0) hace S y va a (1, 4, 2, 0, 3, 5, 6, 7, 8, 3),
en (1, 4, 2, 0, 3, 5, 6, 7, 8, 3) hace E y va a (1, 4, 2, 3, 0, 5, 6, 7, 8, 4),
en (1, 4, 2, 3, 0, 5, 6, 7, 8, 4) hace N y va a (1, 0, 2, 3, 4, 5, 6, 7, 8, 1),
en (1, 0, 2, 3, 4, 5, 6, 7, 8, 1) hace O y va a (0, 1, 2, 3, 4, 5, 6, 7, 8, 0),

Explorando 97 nodos



y por último
-------------
| 1 | 7 | 8 |
-------------
| 2 | 3 | 4 |
-------------
| 5 | 6 |   |
-------------

---------- Utilizando BFS -------------
Costo: 24
Profundidad: 24
Trayectoria:
en (1, 7, 8, 2, 3, 4, 5, 6, 0, 8) hace O y va a (1, 7, 8, 2, 3, 4, 5, 0, 6, 7),
en (1, 7, 8, 2, 3, 4, 5, 0, 6, 7) hace N y va a (1, 7, 8, 2, 0, 4, 5, 3, 6, 4),
en (1, 7, 8, 2, 0, 4, 5, 3, 6, 4) hace N y va a (1, 0, 8, 2, 7, 4, 5, 3, 6, 1),
en (1, 0, 8, 2, 7, 4, 5, 3, 6, 1) hace E y va a (1, 8, 0, 2, 7, 4, 5, 3, 6, 2),
en (1, 8, 0, 2, 7, 4, 5, 3, 6, 2) hace S y va a (1, 8, 4, 2, 7, 0, 5, 3, 6, 5),
en (1, 8, 4, 2, 7, 0, 5, 3, 6, 5) hace O y va a (1, 8, 4, 2, 0, 7, 5, 3, 6, 4),
en (1, 8, 4, 2, 0, 7, 5, 3, 6, 4) hace O y va a (1, 8, 4, 0, 2, 7, 5, 3, 6, 3),
en (1, 8, 4, 0, 2, 7, 5, 3, 6, 3) hace S y va a (1, 8, 4, 5, 2, 7, 0, 3, 6, 6),
en (1, 8, 4, 5, 2, 7, 0, 3, 6, 6) hace E y va a (1, 8, 4, 5, 2, 7, 3, 0, 6, 7),
en (1, 8, 4, 5, 2, 7, 3, 0, 6, 7) hace E y va a (1, 8, 4, 5, 2, 7, 3, 6, 0, 8),
en (1, 8, 4, 5, 2, 7, 3, 6, 0, 8) hace N y va a (1, 8, 4, 5, 2, 0, 3, 6, 7, 5),
en (1, 8, 4, 5, 2, 0, 3, 6, 7, 5) hace O y va a (1, 8, 4, 5, 0, 2, 3, 6, 7, 4),
en (1, 8, 4, 5, 0, 2, 3, 6, 7, 4) hace N y va a (1, 0, 4, 5, 8, 2, 3, 6, 7, 1),
en (1, 0, 4, 5, 8, 2, 3, 6, 7, 1) hace E y va a (1, 4, 0, 5, 8, 2, 3, 6, 7, 2),
en (1, 4, 0, 5, 8, 2, 3, 6, 7, 2) hace S y va a (1, 4, 2, 5, 8, 0, 3, 6, 7, 5),
en (1, 4, 2, 5, 8, 0, 3, 6, 7, 5) hace O y va a (1, 4, 2, 5, 0, 8, 3, 6, 7, 4),
en (1, 4, 2, 5, 0, 8, 3, 6, 7, 4) hace O y va a (1, 4, 2, 0, 5, 8, 3, 6, 7, 3),
en (1, 4, 2, 0, 5, 8, 3, 6, 7, 3) hace S y va a (1, 4, 2, 3, 5, 8, 0, 6, 7, 6),
en (1, 4, 2, 3, 5, 8, 0, 6, 7, 6) hace E y va a (1, 4, 2, 3, 5, 8, 6, 0, 7, 7),
en (1, 4, 2, 3, 5, 8, 6, 0, 7, 7) hace E y va a (1, 4, 2, 3, 5, 8, 6, 7, 0, 8),
en (1, 4, 2, 3, 5, 8, 6, 7, 0, 8) hace N y va a (1, 4, 2, 3, 5, 0, 6, 7, 8, 5),
en (1, 4, 2, 3, 5, 0, 6, 7, 8, 5) hace O y va a (1, 4, 2, 3, 0, 5, 6, 7, 8, 4),
en (1, 4, 2, 3, 0, 5, 6, 7, 8, 4) hace N y va a (1, 0, 2, 3, 4, 5, 6, 7, 8, 1),
en (1, 0, 2, 3, 4, 5, 6, 7, 8, 1) hace O y va a (0, 1, 2, 3, 4, 5, 6, 7, 8, 0),

Explorando 133152 nodos


---------- Utilizando DFS -------------
Costo: 50
Profundidad: 50
Trayectoria:
en (1, 7, 8, 2, 3, 4, 5, 6, 0, 8) hace O y va a (1, 7, 8, 2, 3, 4, 5, 0, 6, 7),
en (1, 7, 8, 2, 3, 4, 5, 0, 6, 7) hace O y va a (1, 7, 8, 2, 3, 4, 0, 5, 6, 6),
en (1, 7, 8, 2, 3, 4, 0, 5, 6, 6) hace N y va a (1, 7, 8, 0, 3, 4, 2, 5, 6, 3),
en (1, 7, 8, 0, 3, 4, 2, 5, 6, 3) hace E y va a (1, 7, 8, 3, 0, 4, 2, 5, 6, 4),
en (1, 7, 8, 3, 0, 4, 2, 5, 6, 4) hace E y va a (1, 7, 8, 3, 4, 0, 2, 5, 6, 5),
en (1, 7, 8, 3, 4, 0, 2, 5, 6, 5) hace S y va a (1, 7, 8, 3, 4, 6, 2, 5, 0, 8),
en (1, 7, 8, 3, 4, 6, 2, 5, 0, 8) hace O y va a (1, 7, 8, 3, 4, 6, 2, 0, 5, 7),
en (1, 7, 8, 3, 4, 6, 2, 0, 5, 7) hace O y va a (1, 7, 8, 3, 4, 6, 0, 2, 5, 6),
en (1, 7, 8, 3, 4, 6, 0, 2, 5, 6) hace N y va a (1, 7, 8, 0, 4, 6, 3, 2, 5, 3),
en (1, 7, 8, 0, 4, 6, 3, 2, 5, 3) hace E y va a (1, 7, 8, 4, 0, 6, 3, 2, 5, 4),
en (1, 7, 8, 4, 0, 6, 3, 2, 5, 4) hace E y va a (1, 7, 8, 4, 6, 0, 3, 2, 5, 5),
en (1, 7, 8, 4, 6, 0, 3, 2, 5, 5) hace S y va a (1, 7, 8, 4, 6, 5, 3, 2, 0, 8),
en (1, 7, 8, 4, 6, 5, 3, 2, 0, 8) hace O y va a (1, 7, 8, 4, 6, 5, 3, 0, 2, 7),
en (1, 7, 8, 4, 6, 5, 3, 0, 2, 7) hace O y va a (1, 7, 8, 4, 6, 5, 0, 3, 2, 6),
en (1, 7, 8, 4, 6, 5, 0, 3, 2, 6) hace N y va a (1, 7, 8, 0, 6, 5, 4, 3, 2, 3),
en (1, 7, 8, 0, 6, 5, 4, 3, 2, 3) hace E y va a (1, 7, 8, 6, 0, 5, 4, 3, 2, 4),
en (1, 7, 8, 6, 0, 5, 4, 3, 2, 4) hace E y va a (1, 7, 8, 6, 5, 0, 4, 3, 2, 5),
en (1, 7, 8, 6, 5, 0, 4, 3, 2, 5) hace S y va a (1, 7, 8, 6, 5, 2, 4, 3, 0, 8),
en (1, 7, 8, 6, 5, 2, 4, 3, 0, 8) hace O y va a (1, 7, 8, 6, 5, 2, 4, 0, 3, 7),
en (1, 7, 8, 6, 5, 2, 4, 0, 3, 7) hace O y va a (1, 7, 8, 6, 5, 2, 0, 4, 3, 6),
en (1, 7, 8, 6, 5, 2, 0, 4, 3, 6) hace N y va a (1, 7, 8, 0, 5, 2, 6, 4, 3, 3),
en (1, 7, 8, 0, 5, 2, 6, 4, 3, 3) hace E y va a (1, 7, 8, 5, 0, 2, 6, 4, 3, 4),
en (1, 7, 8, 5, 0, 2, 6, 4, 3, 4) hace E y va a (1, 7, 8, 5, 2, 0, 6, 4, 3, 5),
en (1, 7, 8, 5, 2, 0, 6, 4, 3, 5) hace S y va a (1, 7, 8, 5, 2, 3, 6, 4, 0, 8),
en (1, 7, 8, 5, 2, 3, 6, 4, 0, 8) hace O y va a (1, 7, 8, 5, 2, 3, 6, 0, 4, 7),
en (1, 7, 8, 5, 2, 3, 6, 0, 4, 7) hace O y va a (1, 7, 8, 5, 2, 3, 0, 6, 4, 6),
en (1, 7, 8, 5, 2, 3, 0, 6, 4, 6) hace N y va a (1, 7, 8, 0, 2, 3, 5, 6, 4, 3),
en (1, 7, 8, 0, 2, 3, 5, 6, 4, 3) hace N y va a (0, 7, 8, 1, 2, 3, 5, 6, 4, 0),
en (0, 7, 8, 1, 2, 3, 5, 6, 4, 0) hace E y va a (7, 0, 8, 1, 2, 3, 5, 6, 4, 1),
en (7, 0, 8, 1, 2, 3, 5, 6, 4, 1) hace S y va a (7, 2, 8, 1, 0, 3, 5, 6, 4, 4),
en (7, 2, 8, 1, 0, 3, 5, 6, 4, 4) hace E y va a (7, 2, 8, 1, 3, 0, 5, 6, 4, 5),
en (7, 2, 8, 1, 3, 0, 5, 6, 4, 5) hace N y va a (7, 2, 0, 1, 3, 8, 5, 6, 4, 2),
en (7, 2, 0, 1, 3, 8, 5, 6, 4, 2) hace O y va a (7, 0, 2, 1, 3, 8, 5, 6, 4, 1),
en (7, 0, 2, 1, 3, 8, 5, 6, 4, 1) hace S y va a (7, 3, 2, 1, 0, 8, 5, 6, 4, 4),
en (7, 3, 2, 1, 0, 8, 5, 6, 4, 4) hace O y va a (7, 3, 2, 0, 1, 8, 5, 6, 4, 3),
en (7, 3, 2, 0, 1, 8, 5, 6, 4, 3) hace N y va a (0, 3, 2, 7, 1, 8, 5, 6, 4, 0),
en (0, 3, 2, 7, 1, 8, 5, 6, 4, 0) hace E y va a (3, 0, 2, 7, 1, 8, 5, 6, 4, 1),
en (3, 0, 2, 7, 1, 8, 5, 6, 4, 1) hace S y va a (3, 1, 2, 7, 0, 8, 5, 6, 4, 4),
en (3, 1, 2, 7, 0, 8, 5, 6, 4, 4) hace S y va a (3, 1, 2, 7, 6, 8, 5, 0, 4, 7),
en (3, 1, 2, 7, 6, 8, 5, 0, 4, 7) hace O y va a (3, 1, 2, 7, 6, 8, 0, 5, 4, 6),
en (3, 1, 2, 7, 6, 8, 0, 5, 4, 6) hace N y va a (3, 1, 2, 0, 6, 8, 7, 5, 4, 3),
en (3, 1, 2, 0, 6, 8, 7, 5, 4, 3) hace E y va a (3, 1, 2, 6, 0, 8, 7, 5, 4, 4),
en (3, 1, 2, 6, 0, 8, 7, 5, 4, 4) hace S y va a (3, 1, 2, 6, 5, 8, 7, 0, 4, 7),
en (3, 1, 2, 6, 5, 8, 7, 0, 4, 7) hace E y va a (3, 1, 2, 6, 5, 8, 7, 4, 0, 8),
en (3, 1, 2, 6, 5, 8, 7, 4, 0, 8) hace N y va a (3, 1, 2, 6, 5, 0, 7, 4, 8, 5),
en (3, 1, 2, 6, 5, 0, 7, 4, 8, 5) hace O y va a (3, 1, 2, 6, 0, 5, 7, 4, 8, 4),
en (3, 1, 2, 6, 0, 5, 7, 4, 8, 4) hace S y va a (3, 1, 2, 6, 4, 5, 7, 0, 8, 7),
en (3, 1, 2, 6, 4, 5, 7, 0, 8, 7) hace O y va a (3, 1, 2, 6, 4, 5, 0, 7, 8, 6),
en (3, 1, 2, 6, 4, 5, 0, 7, 8, 6) hace N y va a (3, 1, 2, 0, 4, 5, 6, 7, 8, 3),
en (3, 1, 2, 0, 4, 5, 6, 7, 8, 3) hace N y va a (0, 1, 2, 3, 4, 5, 6, 7, 8, 0),

Explorando 162865 nodos


---------- Utilizando IDS -------------
Costo: 24
Profundidad: 24
Trayectoria:
en (1, 7, 8, 2, 3, 4, 5, 6, 0, 8) hace O y va a (1, 7, 8, 2, 3, 4, 5, 0, 6, 7),
en (1, 7, 8, 2, 3, 4, 5, 0, 6, 7) hace N y va a (1, 7, 8, 2, 0, 4, 5, 3, 6, 4),
en (1, 7, 8, 2, 0, 4, 5, 3, 6, 4) hace N y va a (1, 0, 8, 2, 7, 4, 5, 3, 6, 1),
en (1, 0, 8, 2, 7, 4, 5, 3, 6, 1) hace E y va a (1, 8, 0, 2, 7, 4, 5, 3, 6, 2),
en (1, 8, 0, 2, 7, 4, 5, 3, 6, 2) hace S y va a (1, 8, 4, 2, 7, 0, 5, 3, 6, 5),
en (1, 8, 4, 2, 7, 0, 5, 3, 6, 5) hace O y va a (1, 8, 4, 2, 0, 7, 5, 3, 6, 4),
en (1, 8, 4, 2, 0, 7, 5, 3, 6, 4) hace O y va a (1, 8, 4, 0, 2, 7, 5, 3, 6, 3),
en (1, 8, 4, 0, 2, 7, 5, 3, 6, 3) hace S y va a (1, 8, 4, 5, 2, 7, 0, 3, 6, 6),
en (1, 8, 4, 5, 2, 7, 0, 3, 6, 6) hace E y va a (1, 8, 4, 5, 2, 7, 3, 0, 6, 7),
en (1, 8, 4, 5, 2, 7, 3, 0, 6, 7) hace E y va a (1, 8, 4, 5, 2, 7, 3, 6, 0, 8),
en (1, 8, 4, 5, 2, 7, 3, 6, 0, 8) hace N y va a (1, 8, 4, 5, 2, 0, 3, 6, 7, 5),
en (1, 8, 4, 5, 2, 0, 3, 6, 7, 5) hace O y va a (1, 8, 4, 5, 0, 2, 3, 6, 7, 4),
en (1, 8, 4, 5, 0, 2, 3, 6, 7, 4) hace N y va a (1, 0, 4, 5, 8, 2, 3, 6, 7, 1),
en (1, 0, 4, 5, 8, 2, 3, 6, 7, 1) hace E y va a (1, 4, 0, 5, 8, 2, 3, 6, 7, 2),
en (1, 4, 0, 5, 8, 2, 3, 6, 7, 2) hace S y va a (1, 4, 2, 5, 8, 0, 3, 6, 7, 5),
en (1, 4, 2, 5, 8, 0, 3, 6, 7, 5) hace O y va a (1, 4, 2, 5, 0, 8, 3, 6, 7, 4),
en (1, 4, 2, 5, 0, 8, 3, 6, 7, 4) hace O y va a (1, 4, 2, 0, 5, 8, 3, 6, 7, 3),
en (1, 4, 2, 0, 5, 8, 3, 6, 7, 3) hace S y va a (1, 4, 2, 3, 5, 8, 0, 6, 7, 6),
en (1, 4, 2, 3, 5, 8, 0, 6, 7, 6) hace E y va a (1, 4, 2, 3, 5, 8, 6, 0, 7, 7),
en (1, 4, 2, 3, 5, 8, 6, 0, 7, 7) hace E y va a (1, 4, 2, 3, 5, 8, 6, 7, 0, 8),
en (1, 4, 2, 3, 5, 8, 6, 7, 0, 8) hace N y va a (1, 4, 2, 3, 5, 0, 6, 7, 8, 5),
en (1, 4, 2, 3, 5, 0, 6, 7, 8, 5) hace O y va a (1, 4, 2, 3, 0, 5, 6, 7, 8, 4),
en (1, 4, 2, 3, 0, 5, 6, 7, 8, 4) hace N y va a (1, 0, 2, 3, 4, 5, 6, 7, 8, 1),
en (1, 0, 2, 3, 4, 5, 6, 7, 8, 1) hace O y va a (0, 1, 2, 3, 4, 5, 6, 7, 8, 0),

Explorando 883191 nodos


---------- Utilizando UCS -------------
Costo: 24
Profundidad: 24
Trayectoria:
en (1, 7, 8, 2, 3, 4, 5, 6, 0, 8) hace O y va a (1, 7, 8, 2, 3, 4, 5, 0, 6, 7),
en (1, 7, 8, 2, 3, 4, 5, 0, 6, 7) hace N y va a (1, 7, 8, 2, 0, 4, 5, 3, 6, 4),
en (1, 7, 8, 2, 0, 4, 5, 3, 6, 4) hace N y va a (1, 0, 8, 2, 7, 4, 5, 3, 6, 1),
en (1, 0, 8, 2, 7, 4, 5, 3, 6, 1) hace E y va a (1, 8, 0, 2, 7, 4, 5, 3, 6, 2),
en (1, 8, 0, 2, 7, 4, 5, 3, 6, 2) hace S y va a (1, 8, 4, 2, 7, 0, 5, 3, 6, 5),
en (1, 8, 4, 2, 7, 0, 5, 3, 6, 5) hace O y va a (1, 8, 4, 2, 0, 7, 5, 3, 6, 4),
en (1, 8, 4, 2, 0, 7, 5, 3, 6, 4) hace O y va a (1, 8, 4, 0, 2, 7, 5, 3, 6, 3),
en (1, 8, 4, 0, 2, 7, 5, 3, 6, 3) hace S y va a (1, 8, 4, 5, 2, 7, 0, 3, 6, 6),
en (1, 8, 4, 5, 2, 7, 0, 3, 6, 6) hace E y va a (1, 8, 4, 5, 2, 7, 3, 0, 6, 7),
en (1, 8, 4, 5, 2, 7, 3, 0, 6, 7) hace E y va a (1, 8, 4, 5, 2, 7, 3, 6, 0, 8),
en (1, 8, 4, 5, 2, 7, 3, 6, 0, 8) hace N y va a (1, 8, 4, 5, 2, 0, 3, 6, 7, 5),
en (1, 8, 4, 5, 2, 0, 3, 6, 7, 5) hace O y va a (1, 8, 4, 5, 0, 2, 3, 6, 7, 4),
en (1, 8, 4, 5, 0, 2, 3, 6, 7, 4) hace N y va a (1, 0, 4, 5, 8, 2, 3, 6, 7, 1),
en (1, 0, 4, 5, 8, 2, 3, 6, 7, 1) hace E y va a (1, 4, 0, 5, 8, 2, 3, 6, 7, 2),
en (1, 4, 0, 5, 8, 2, 3, 6, 7, 2) hace S y va a (1, 4, 2, 5, 8, 0, 3, 6, 7, 5),
en (1, 4, 2, 5, 8, 0, 3, 6, 7, 5) hace O y va a (1, 4, 2, 5, 0, 8, 3, 6, 7, 4),
en (1, 4, 2, 5, 0, 8, 3, 6, 7, 4) hace O y va a (1, 4, 2, 0, 5, 8, 3, 6, 7, 3),
en (1, 4, 2, 0, 5, 8, 3, 6, 7, 3) hace S y va a (1, 4, 2, 3, 5, 8, 0, 6, 7, 6),
en (1, 4, 2, 3, 5, 8, 0, 6, 7, 6) hace E y va a (1, 4, 2, 3, 5, 8, 6, 0, 7, 7),
en (1, 4, 2, 3, 5, 8, 6, 0, 7, 7) hace E y va a (1, 4, 2, 3, 5, 8, 6, 7, 0, 8),
en (1, 4, 2, 3, 5, 8, 6, 7, 0, 8) hace N y va a (1, 4, 2, 3, 5, 0, 6, 7, 8, 5),
en (1, 4, 2, 3, 5, 0, 6, 7, 8, 5) hace O y va a (1, 4, 2, 3, 0, 5, 6, 7, 8, 4),
en (1, 4, 2, 3, 0, 5, 6, 7, 8, 4) hace N y va a (1, 0, 2, 3, 4, 5, 6, 7, 8, 1),
en (1, 0, 2, 3, 4, 5, 6, 7, 8, 1) hace O y va a (0, 1, 2, 3, 4, 5, 6, 7, 8, 0),

Explorando 129515 nodos


---------- Utilizando A* con h1 -------------
Costo: 24
Profundidad: 24
Trayectoria:
en (1, 7, 8, 2, 3, 4, 5, 6, 0, 8) hace O y va a (1, 7, 8, 2, 3, 4, 5, 0, 6, 7),
en (1, 7, 8, 2, 3, 4, 5, 0, 6, 7) hace N y va a (1, 7, 8, 2, 0, 4, 5, 3, 6, 4),
en (1, 7, 8, 2, 0, 4, 5, 3, 6, 4) hace N y va a (1, 0, 8, 2, 7, 4, 5, 3, 6, 1),
en (1, 0, 8, 2, 7, 4, 5, 3, 6, 1) hace E y va a (1, 8, 0, 2, 7, 4, 5, 3, 6, 2),
en (1, 8, 0, 2, 7, 4, 5, 3, 6, 2) hace S y va a (1, 8, 4, 2, 7, 0, 5, 3, 6, 5),
en (1, 8, 4, 2, 7, 0, 5, 3, 6, 5) hace O y va a (1, 8, 4, 2, 0, 7, 5, 3, 6, 4),
en (1, 8, 4, 2, 0, 7, 5, 3, 6, 4) hace O y va a (1, 8, 4, 0, 2, 7, 5, 3, 6, 3),
en (1, 8, 4, 0, 2, 7, 5, 3, 6, 3) hace S y va a (1, 8, 4, 5, 2, 7, 0, 3, 6, 6),
en (1, 8, 4, 5, 2, 7, 0, 3, 6, 6) hace E y va a (1, 8, 4, 5, 2, 7, 3, 0, 6, 7),
en (1, 8, 4, 5, 2, 7, 3, 0, 6, 7) hace E y va a (1, 8, 4, 5, 2, 7, 3, 6, 0, 8),
en (1, 8, 4, 5, 2, 7, 3, 6, 0, 8) hace N y va a (1, 8, 4, 5, 2, 0, 3, 6, 7, 5),
en (1, 8, 4, 5, 2, 0, 3, 6, 7, 5) hace O y va a (1, 8, 4, 5, 0, 2, 3, 6, 7, 4),
en (1, 8, 4, 5, 0, 2, 3, 6, 7, 4) hace N y va a (1, 0, 4, 5, 8, 2, 3, 6, 7, 1),
en (1, 0, 4, 5, 8, 2, 3, 6, 7, 1) hace E y va a (1, 4, 0, 5, 8, 2, 3, 6, 7, 2),
en (1, 4, 0, 5, 8, 2, 3, 6, 7, 2) hace S y va a (1, 4, 2, 5, 8, 0, 3, 6, 7, 5),
en (1, 4, 2, 5, 8, 0, 3, 6, 7, 5) hace O y va a (1, 4, 2, 5, 0, 8, 3, 6, 7, 4),
en (1, 4, 2, 5, 0, 8, 3, 6, 7, 4) hace O y va a (1, 4, 2, 0, 5, 8, 3, 6, 7, 3),
en (1, 4, 2, 0, 5, 8, 3, 6, 7, 3) hace S y va a (1, 4, 2, 3, 5, 8, 0, 6, 7, 6),
en (1, 4, 2, 3, 5, 8, 0, 6, 7, 6) hace E y va a (1, 4, 2, 3, 5, 8, 6, 0, 7, 7),
en (1, 4, 2, 3, 5, 8, 6, 0, 7, 7) hace E y va a (1, 4, 2, 3, 5, 8, 6, 7, 0, 8),
en (1, 4, 2, 3, 5, 8, 6, 7, 0, 8) hace N y va a (1, 4, 2, 3, 5, 0, 6, 7, 8, 5),
en (1, 4, 2, 3, 5, 0, 6, 7, 8, 5) hace O y va a (1, 4, 2, 3, 0, 5, 6, 7, 8, 4),
en (1, 4, 2, 3, 0, 5, 6, 7, 8, 4) hace N y va a (1, 0, 2, 3, 4, 5, 6, 7, 8, 1),
en (1, 0, 2, 3, 4, 5, 6, 7, 8, 1) hace O y va a (0, 1, 2, 3, 4, 5, 6, 7, 8, 0),

Explorando 17622 nodos
---------- Utilizando A* con h2 -------------
Costo: 24
Profundidad: 24
Trayectoria:
en (1, 7, 8, 2, 3, 4, 5, 6, 0, 8) hace O y va a (1, 7, 8, 2, 3, 4, 5, 0, 6, 7),
en (1, 7, 8, 2, 3, 4, 5, 0, 6, 7) hace N y va a (1, 7, 8, 2, 0, 4, 5, 3, 6, 4),
en (1, 7, 8, 2, 0, 4, 5, 3, 6, 4) hace N y va a (1, 0, 8, 2, 7, 4, 5, 3, 6, 1),
en (1, 0, 8, 2, 7, 4, 5, 3, 6, 1) hace E y va a (1, 8, 0, 2, 7, 4, 5, 3, 6, 2),
en (1, 8, 0, 2, 7, 4, 5, 3, 6, 2) hace S y va a (1, 8, 4, 2, 7, 0, 5, 3, 6, 5),
en (1, 8, 4, 2, 7, 0, 5, 3, 6, 5) hace O y va a (1, 8, 4, 2, 0, 7, 5, 3, 6, 4),
en (1, 8, 4, 2, 0, 7, 5, 3, 6, 4) hace O y va a (1, 8, 4, 0, 2, 7, 5, 3, 6, 3),
en (1, 8, 4, 0, 2, 7, 5, 3, 6, 3) hace S y va a (1, 8, 4, 5, 2, 7, 0, 3, 6, 6),
en (1, 8, 4, 5, 2, 7, 0, 3, 6, 6) hace E y va a (1, 8, 4, 5, 2, 7, 3, 0, 6, 7),
en (1, 8, 4, 5, 2, 7, 3, 0, 6, 7) hace E y va a (1, 8, 4, 5, 2, 7, 3, 6, 0, 8),
en (1, 8, 4, 5, 2, 7, 3, 6, 0, 8) hace N y va a (1, 8, 4, 5, 2, 0, 3, 6, 7, 5),
en (1, 8, 4, 5, 2, 0, 3, 6, 7, 5) hace O y va a (1, 8, 4, 5, 0, 2, 3, 6, 7, 4),
en (1, 8, 4, 5, 0, 2, 3, 6, 7, 4) hace N y va a (1, 0, 4, 5, 8, 2, 3, 6, 7, 1),
en (1, 0, 4, 5, 8, 2, 3, 6, 7, 1) hace E y va a (1, 4, 0, 5, 8, 2, 3, 6, 7, 2),
en (1, 4, 0, 5, 8, 2, 3, 6, 7, 2) hace S y va a (1, 4, 2, 5, 8, 0, 3, 6, 7, 5),
en (1, 4, 2, 5, 8, 0, 3, 6, 7, 5) hace O y va a (1, 4, 2, 5, 0, 8, 3, 6, 7, 4),
en (1, 4, 2, 5, 0, 8, 3, 6, 7, 4) hace O y va a (1, 4, 2, 0, 5, 8, 3, 6, 7, 3),
en (1, 4, 2, 0, 5, 8, 3, 6, 7, 3) hace S y va a (1, 4, 2, 3, 5, 8, 0, 6, 7, 6),
en (1, 4, 2, 3, 5, 8, 0, 6, 7, 6) hace E y va a (1, 4, 2, 3, 5, 8, 6, 0, 7, 7),
en (1, 4, 2, 3, 5, 8, 6, 0, 7, 7) hace E y va a (1, 4, 2, 3, 5, 8, 6, 7, 0, 8),
en (1, 4, 2, 3, 5, 8, 6, 7, 0, 8) hace N y va a (1, 4, 2, 3, 5, 0, 6, 7, 8, 5),
en (1, 4, 2, 3, 5, 0, 6, 7, 8, 5) hace O y va a (1, 4, 2, 3, 0, 5, 6, 7, 8, 4),
en (1, 4, 2, 3, 0, 5, 6, 7, 8, 4) hace N y va a (1, 0, 2, 3, 4, 5, 6, 7, 8, 1),
en (1, 0, 2, 3, 4, 5, 6, 7, 8, 1) hace O y va a (0, 1, 2, 3, 4, 5, 6, 7, 8, 0),

Explorando 1677 nodos
