Antes de hacer otra cosa,
vamos a verificar medianamente la clase LightsOut
Paso la prueba de la clase LightsOut


Para el problema en diagonal

---------------------
|   |   |   |   | X |
---------------------
|   |   |   | X |   |
---------------------
|   |   | X |   |   |
---------------------
|   | X |   |   |   |
---------------------
| X |   |   |   |   |
---------------------

(0, 0, 0, 0, 0, 0, 0, 0, 0, 0, 0, 0, 0, 0, 0, 0, 0, 0, 0, 0, 0, 0, 0, 0, 0)
(0, 0, 0, 0, 0, 0, 0, 0, 0, 0, 0, 0, 0, 0, 0, 0, 0, 0, 0, 0, 0, 0, 0, 0, 0)
(0, 0, 0, 0, 0, 0, 0, 0, 0, 0, 0, 0, 0, 0, 0, 0, 0, 0, 0, 0, 0, 0, 0, 0, 0)
--------------------------------------------------
  Método         Costo        Nodos visitados
--------------------------------------------------


A* con h1          5          25
A* con h2          5          58252
A* con h3          5          1235
--------------------------------------------------




Para el problema simétrico


(0, 0, 0, 0, 0, 0, 0, 0, 0, 0, 0, 0, 0, 0, 0, 0, 0, 0, 0, 0, 0, 0, 0, 0, 0)
(0, 0, 0, 0, 0, 0, 0, 0, 0, 0, 0, 0, 0, 0, 0, 0, 0, 0, 0, 0, 0, 0, 0, 0, 0)
(0, 0, 0, 0, 0, 0, 0, 0, 0, 0, 0, 0, 0, 0, 0, 0, 0, 0, 0, 0, 0, 0, 0, 0, 0)
--------------------------------------------------
  Método         Costo        Nodos visitados
--------------------------------------------------


A* con h1          6          7
A* con h2          6          69505
A* con h3          6          18845
--------------------------------------------------




Para el problema Bonito


(0, 0, 0, 0, 0, 0, 0, 0, 0, 0, 0, 0, 0, 0, 0, 0, 0, 0, 0, 0, 0, 0, 0, 0, 0)
(0, 0, 0, 0, 0, 0, 0, 0, 0, 0, 0, 0, 0, 0, 0, 0, 0, 0, 0, 0, 0, 0, 0, 0, 0)
(0, 0, 0, 0, 0, 0, 0, 0, 0, 0, 0, 0, 0, 0, 0, 0, 0, 0, 0, 0, 0, 0, 0, 0, 0)
--------------------------------------------------
  Método         Costo        Nodos visitados
--------------------------------------------------


A* con h1          9          2365
A* con h2          9          2400280
A* con h3          9          633242
--------------------------------------------------


